0	1	4	9	12	16	25	36	40
100	0.003	0.0011	0.00065	0.00102	0.00104	0.013	0.028	0.026
200	0.024	0.0066	0.0026	0.0031	0.0035	0.015	0.028	0.027
300	0.074	0.017	0.0075	0.0077	0.0062	0.016	0.040	0.027
400	0.119	0.038	0.0205	0.0172	0.0135	0.0200	0.03466	0.0321
500	0.227	0.065	0.0310	0.0314	0.0205	0.0266	0.0450	0.0374
600	0.386	0.1067	0.0487	0.0516	0.0384	0.0374	0.0446	0.038
700	0.578	0.1667	0.0839	0.0735	0.0649	0.0502	0.0556	0.0505
800	0.9126	0.2619	0.1113	0.0974	0.0787	0.0669	0.0746	0.0638
900	1.0306	0.3611	0.1666	0.1333	0.1053	0.0850	0.08022	0.0738
1000 	1.576	0.509	0.236	0.198	0.147	0.104	0.095	0.093	
1100	2.3274	0.7147	0.41628	0.25193	0.1787	0.1309	0.1255	0.114	 	
1200	3.2760	1.080	0.772	0.4678	0.250	0.1611	0.1574	0.1363
1300	4.4602	1.529	1.1917	0.8115	0.3335	0.2049	0.1875	0.1538
1400	5.8899	2.0039	1.5833	1.252	0.56539	0.2588	0.2138	0.2028